#cs.id;bodypart;excllusion spheres;x;y;z;r
#es.id;is_torso;x;y;z;r
#es;x;y;z;r
[cs.0]
3
10011100
-3.411867
-0.828414
1.955673
1.4
[cs.1]
3
10011100
-3.411867
0.337
0.333959
1.24878
[cs.2]
3
10011100
-2.976256
1.710926
-0.108986
1.374112
[cs.3]
0
00011000
0.066778
1.599425
1.352106
2.106618
[cs.4]
1
10011000
-1.074742
1.599425
1.721481
1.783207
[cs.5]
8
10010000
-1.074742
1.599425
-0.903582
1.664024
[cs.6]
8
10010100
-1.425898
3.332655
-2.37951
0.986941
[cs.7]
8
10010100
-1.425898
3.616648
-1.34389
0.986941
[cs.8]
1
10010100
-1.425898
3.003225
0.227722
0.986941
[cs.9]
7
00010000
0.066778
1.043549
-0.305496
2.106618
[cs.10]
7
00010000
0.066778
2.422486
-0.771779
1.52012
[cs.11]
5
10101100
-2.620763
-6.483296
0.72343
1.267713
[cs.12]
5
10101100
-1.896046
-3.698175
-1.040858
1.041935
[cs.13]
5
10101100
-2.181484
-5.860564
-0.837166
0.909802
[cs.14]
5
10101100
-2.002772
-2.605174
-0.123001
1.456141
[cs.15]
0
00001000
0.066778
-0.808265
0.008068
2.106618
[cs.16]
4
01011100
3.58181
-0.828414
1.955673
1.4
[cs.17]
4
01011100
3.58181
0.337
0.333959
1.24878
[cs.18]
4
01011100
3.117389
1.710926
-0.108986
1.374112
[cs.19]
2
01011000
1.09486
1.599425
1.721481
1.783207
[cs.20]
9
01010000
1.09486
1.599425
-0.903582
1.664024
[cs.21]
9
01010100
1.380421
3.332655
-2.37951
0.986941
[cs.22]
9
01010100
1.380421
3.616648
-1.34389
0.986941
[cs.23]
2
01010100
1.380421
3.003225
0.227722
0.986941
[cs.24]
6
01101100
2.763508
-6.483296
0.72343
1.267713
[cs.25]
6
01101100
2.111023
-3.698175
-1.040858
1.041935
[cs.26]
6
01101100
2.322908
-5.860564
-0.837166
0.909802
[cs.27]
6
01101100
2.128628
-2.605174
-0.123001
1.456141
[es.0]
0
12.150142
0.425547
0.31434
12.84802
[es.1]
0
-12.12426
0.425547
0.31434
12.848019
[es.2]
0
-0.037487
4.789705
0.010082
7.968957
[es.3]
5
-0.037486
-5.004765
0.007124
4.65451
[es.4]
0
-0.037486
2.361457
-1.271641
2.721985
[es.5]
0
-0.00977
0.536603
0.207874
3.420373
[bs]
-0.037486
-1.805371
-0.29593
6.644375
